0.000000000000000000e+00
-9.201980635400000552e-02
-1.557704725700000126e-01
-2.193544930000000115e-01
-2.825502623400000246e-01
-3.451359742699999789e-01
-4.068902082699999978e-01
-4.675924722500000019e-01
-5.270237127800000421e-01
-5.849668122900000267e-01
-6.412070982799999985e-01
-6.955328948200000250e-01
-7.477361491499999735e-01
-7.976131670799999629e-01
-8.449654883699999619e-01
-8.896009288299999707e-01
-9.313348080700000198e-01
-9.699913712400000110e-01
-9.999979904500000405e-01
-1.000000000000000000e+00
-1.000000000000000000e+00
-1.000000000000000000e+00
-1.000000000000000000e+00
-1.000000000000000000e+00
-1.000000000000000000e+00
-1.000000000000000000e+00
-1.000000000000000000e+00
-1.000000000000000000e+00
-1.000000000000000000e+00
-1.000000000000000000e+00
-1.000000000000000000e+00
-1.000000000000000000e+00
-1.000000000000000000e+00
-1.000000000000000000e+00
-1.000000000000000000e+00
-1.000000000000000000e+00
-1.000000000000000000e+00
-9.818569816700000175e-01
-9.476349653600000256e-01
-9.111058186899999578e-01
-8.724539025799999958e-01
-8.318572255899999712e-01
-7.894848418000000034e-01
-7.454946697500000052e-01
-7.000317990800000167e-01
-6.532273378699999800e-01
-6.051978403400000150e-01
-5.560453424200000327e-01
-5.058580226100000132e-01
-4.547114959599999895e-01
-4.026707418600000143e-01
-3.497926585800000265e-01
-2.961292298000000045e-01
-2.417312783999999992e-01
-1.866527697099999994e-01
-1.309556076800000024e-01
-7.471484248899999681e-02
-1.802417479899999855e-02
3.899840014400000193e-02
9.620501604700000542e-02
1.534126919799999877e-01
2.103987481500000090e-01
2.668972666600000210e-01
3.225970310699999843e-01
3.771414054900000257e-01
4.301306055499999892e-01
4.811267578399999745e-01
5.296620280499999556e-01
5.752499159899999714e-01
6.173995676500000362e-01
6.556326555699999448e-01
6.895020551399999587e-01
7.186112358699999758e-01
7.426330429199999861e-01
7.613264147399999571e-01
7.745496089900000269e-01
7.822687114099999839e-01
7.845605736699999833e-01
7.816098273599999535e-01
7.737001863100000376e-01
7.612007980599999613e-01
7.445488570499999570e-01
7.242299854200000553e-01
7.007579878499999859e-01
6.746554960899999731e-01
6.464367670499999718e-01
6.165935382199999593e-01
5.855844360199999876e-01
5.538280339100000171e-01
5.216993128200000385e-01
4.895290167999999942e-01
4.576052342899999958e-01
4.261764705700000211e-01
3.954554989699999856e-01
3.656233715400000195e-01
3.368331128900000082e-01
3.092127914000000199e-01
2.828678368099999951e-01
2.578826296899999759e-01
2.343215087699999921e-01
2.122294143700000080e-01
1.916324063600000072e-01
1.725382702300000126e-01
1.549373664500000025e-01
1.388038055099999890e-01
1.240969592800000021e-01
1.107632626099999962e-01
9.873822376599999950e-02
8.794854778600000311e-02
7.831428024599999815e-02
6.975089136300000048e-02
6.217123720500000034e-02
5.548735015299999934e-02
4.961202325599999713e-02
4.446016265799999923e-02
3.994989027799999981e-02
3.600338705699999975e-02
3.254747637600000076e-02
2.951395782799999881e-02
2.683971259799999842e-02
2.446661199999999869e-02
2.234126890299999862e-02
2.041467685000000060e-02
1.864178332300000032e-02
1.698104181599999901e-02
1.539398282899999935e-02
1.384483717000000065e-02
1.230023677000000037e-02
1.072900920999999945e-02
9.102072668099999916e-03
7.392428688600000304e-03
5.575241331699999810e-03
3.627983686800000107e-03
1.530626994999999919e-03
-7.341555645499999632e-04
-3.180798577599999819e-03
-5.820692912599999616e-03
-8.662092967799999571e-03
-1.171009553700000025e-02
-1.496669591099999974e-02
-1.843092076800000034e-02
-2.209903383799999982e-02
-2.596480999599999964e-02
-3.001987637099999898e-02
-3.425412463699999827e-02
-3.865620540399999916e-02
-4.321412201199999886e-02
-4.791594520499999760e-02
-5.275067088999999682e-02
-5.770923965099999942e-02
-6.278572930999999635e-02
-6.708220273300000147e-02
-7.063940970000000263e-02
-7.350179743199999893e-02
-7.571701057599999896e-02
-7.733509935299999472e-02
-7.840744738700000660e-02
-7.898544769699999968e-02
-7.911897031400000335e-02
-7.885467461499999497e-02
-7.823422184799999624e-02
-7.729243873799999942e-02
-7.605547433800000090e-02
-7.453898434700000075e-02
-7.274637769099999429e-02
-7.066717866100000189e-02
-6.827560622599999907e-02
-6.552956313199999328e-02
-6.237037199900000162e-02
-5.872379562800000147e-02
-5.450311124599999807e-02
-4.961520182999999695e-02
-4.397063418500000292e-02
-3.749828151100000062e-02
-3.016396290300000019e-02
-2.199072067900000038e-02
-1.307610782999999929e-02
-3.600269403599999900e-03
6.180827006099999694e-03
1.595896825899999899e-02
2.541007487399999862e-02
3.423401179200000199e-02
4.218689725500000126e-02
4.909824472999999717e-02
5.487132797299999754e-02
5.947057784800000024e-02
6.290232751499999497e-02
6.519475575699999748e-02
6.638080161999999895e-02
6.648559658500000080e-02
6.551838886499999903e-02
6.346815827700000301e-02
6.030193029400000154e-02
5.596491812300000146e-02
5.038184497300000203e-02
4.345901108700000320e-02
3.508682698099999803e-02
2.514263027000000067e-02
1.349365034799999974e-02
1.152900749199999903e-25
